1 3 3 1 2 3 4 5 6 7 8 9
3 3 3 3 3 3 3 3 3 3 3 3
Matrice4 2 2 2 2 2 2
matrice_predefinita 4 4 1 2 3 4 5 6 7 8 9 10 11 12 13 14 15 16
6 4 4 4 4 4 4 4 4 4 4 4  4  4  4  4  4  4  4
4x4 4 4 1 2 3 4 1 2 3 4 1  2  3  4  1  2  3  4
5x5 5 5 1 2 3 4 5 1 2 3 4 5 1 2 3 4 5 1 2 3 4 5 1 2 3 4 5
9 2 2 2 2 2 2
produs 2 2 2 2 2 2
11 2 2 2 2 2 2
12 2 2 2 2 2 2
13 2 2 2 2 2 2
matrice_mare 9 9 1 2 3 4 5 6 7 8 9 1 2 3 4 5 6 7 8 9 1 2 3 4 5 6 7 8 9 1 2 3 4 5 6 7 8 9 1 2 3 4 5 6 7 8 9 1 2 3 4 5 6 7 8 9 1 2 3 4 5 6 7 8 9 1 2 3 4 5 6 7 8 9 1 2 3 4 5 6 7 8 9
15 4 4 1 2 3 4 5 6 7 8 9 10 11 12 13 14 15 16
